110111111111111111011111111111
110111111111111111011111111111
110111111111111000000111111111
110111111111110000000111111111
110011111111100000000011111111
110000000000000000000011111111
110010000000000000000000111111
110100001100000000000110111111
110011111100000000000110111111
101111111100000000001100111111
101101101100000000001100111111
100111100000000000000000111111
100110010000000000000000111111
000000000000000000000000111111
000000000000000000000000111111
000000000000000000000001111111
000000000000000011111111111111
000000000000000111111111111111
000000000000001111111111111111
000000000000001111111111111111